g:=(17,19,24,22)(18,21,23,20)(6,25,43,16)(7,28,42,13)(8,30,41,11);;
y:=(33,35,40,38)(34,37,39,36)(3,9,46,32)(2,12,47,29)(1,14,48,27);;
b:=(25,27,32,30)(26,29,31,28)(3,38,43,19)(5,36,45,21)(8,33,48,24);;
w:=(9,11,16,14)(10,13,15,12)(1,17,41,40)(4,20,44,37)(6,22,46,35);;
r:=(1,3,8,6)(2,5,7,4)(9,33,25,17)(10,34,26,18)(11,35,27,19);;
o:=(41,43,48,46)(42,45,47,44)(14,22,30,38)(15,23,31,39)(16,24,32,40);;
cube:=Group(g,y,b,w,r,o);

(2,23)(42,34) in cube;

(13,21)(20,28) in cube;
(13,29)(20,36) in cube;
(13,37)(20,12) in cube;
(21,29)(28,36) in cube;
(21,37)(28,12) in cube;
(29,37)(36,12) in cube;
(21,29,37)(28,36,12) in cube;
(21,37,29)(28,12,36) in cube;
(13,29,37)(20,36,12) in cube;
(13,37,29)(20,12,36) in cube;
(13,21,37)(20,28,12) in cube;
(13,37,21)(20,12,28) in cube;
(13,21,29)(20,28,36) in cube;
(13,29,21)(20,36,28) in cube;
(13,21,29,37)(20,28,36,12) in cube;
(13,21,37,29)(20,28,12,36) in cube;
(13,37,21,29)(20,12,28,36) in cube;
(13,37,29,21)(20,12,36,28) in cube;
(13,29,37,21)(20,36,12,28) in cube;
(13,29,21,37)(20,36,28,12) in cube;
(13,21)(20,28)(29,37)(36,12) in cube;
(13,29)(20,36)(21,37)(28,12) in cube;
(13,37)(20,12)(21,29)(28,36) in cube;


(2,23)(42,34)(13,21)(20,28) in cube;
(2,23)(42,34)(13,29)(20,36) in cube;
(2,23)(42,34)(13,37)(20,12) in cube;
(2,23)(42,34)(21,29)(28,36) in cube;
(2,23)(42,34)(21,37)(28,12) in cube;
(2,23)(42,34)(29,37)(36,12) in cube;
(2,23)(42,34)(21,29,37)(28,36,12) in cube;
(2,23)(42,34)(21,37,29)(28,12,36) in cube;
(2,23)(42,34)(13,29,37)(20,36,12) in cube;
(2,23)(42,34)(13,37,29)(20,12,36) in cube;
(2,23)(42,34)(13,21,37)(20,28,12) in cube;
(2,23)(42,34)(13,37,21)(20,12,28) in cube;
(2,23)(42,34)(13,21,29)(20,28,36) in cube;
(2,23)(42,34)(13,29,21)(20,36,28) in cube;
(2,23)(42,34)(13,21,29,37)(20,28,36,12) in cube;
(2,23)(42,34)(13,21,37,29)(20,28,12,36) in cube;
(2,23)(42,34)(13,37,21,29)(20,12,28,36) in cube;
(2,23)(42,34)(13,37,29,21)(20,12,36,28) in cube;
(2,23)(42,34)(13,29,21,37)(20,36,28,12) in cube;
(2,23)(42,34)(13,29,37,21)(20,36,12,28) in cube;
(2,23)(42,34)(13,21)(20,28)(29,37)(36,12) in cube;
(2,23)(42,34)(13,29)(20,36)(21,37)(28,12) in cube;
(2,23)(42,34)(13,37)(20,12)(21,29)(28,36) in cube;


(1,3,8,6)(2,5,7,4)(41,46,48,43)(42,44,47,45)(9,33,25,17)(10,34,26,18)(11,35,27,19)(12,36,28,20)(13,37,29,21)(14,38,30,22)(15,39,31,23)(16,40,32,24)in cube;
(1,8)(3,6)(2,7)(5,4)(41,48)(46,43)(42,47)(44,45)(9,25)(33,17)(10,26)(34,18)(11,27)(35,19)(12,28)(36,20)(13,29)(37,21)(14,30)(38,22)(15,31)(39,23)(16,32)(40,24) in cube;
(1,6,8,3)(2,4,7,5)(41,43,48,46)(42,45,47,44)(9,17,25,33)(10,18,26,34)(11,19,27,35)(12,20,28,36)(13,21,29,37)(14,22,30,38)(15,23,31,39)(16,40,24,32) in cube;

(1,19,16)(2,21,15)(3,24,14)(4,18,13)(5,23,12)(6,17,11)(7,20,10)(8,22,9)(25,41,35)(26,42,37)(27,43,40)(28,44,34)(29,45,39)(30,46,33)(31,47,36)(32,48,38)in cube;
(1,11)(2,13)(3,16)(4,10)(5,15)(6,9)(7,12)(8,14)(17,35)(18,37)(19,40)(20,34)(21,39)(22,33)(23,36)(24,38)(25,46)(26,44)(27,41)(28,47)(29,42)(30,48)(31,45)(32,43) in cube;
(1,35,9)(2,37,10)(3,40,11)(4,34,12)(5,39,13)(6,33,14)(7,36,15)(8,38,16)(17,27,46)(18,29,44)(19,32,41)(20,26,47)(21,31,42)(22,25,48)(23,28,45)(24,30,43) in cube;
(1,27,48,14)(2,29,47,12)(3,32,46,9)(4,26,45,15)(5,31,44,10)(6,25,43,16)(7,28,42,13)(8,30,41,11)(17,19,24,22)(18,21,23,20)(33,38,40,35)(34,36,39,37)in cube;

(1,16,19)(2,15,21)(3,14,24)(4,13,18)(5,12,23)(6,11,17)(7,10,20)(8,9,22)(25,35,41)(26,37,42)(27,43,40)(28,44,34)(29,39,45)(30,33,46)(31,36,47)(32,38,48) in cube;
(1,40,41,17)(2,39,42,18)(3,38,43,19)(4,37,44,20)(5,36,45,21)(6,35,46,22)(7,34,47,23)(8,33,48,24)(9,14,16,11)(10,12,15,13)(25,27,32,30)(26,29,31,28) in cube;
(1,32,22)(2,31,20)(3,30,17)(4,29,23)(5,28,18)(6,27,24)(7,26,21)(8,25,19)(9,38,41)(10,36,42)(11,33,43)(12,39,44)(13,34,45)(14,40,46)(15,37,47)(16,35,48) in cube;
(1,24)(2,23)(3,22)(4,21)(5,20)(6,19)(7,18)(8,17)(9,30)(10,28)(11,25)(12,31)(13,26)(14,32)(15,29)(16,27)(33,41)(34,42)(35,43)(36,44)(37,45)(38,46)(39,47)(40,48)in cube;

(1,14,48,27)(2,12,47,29)(3,9,46,32)(4,15,45,26)(5,10,44,31)(6,16,43,25)(7,13,42,28)(8,11,41,30)(17,22,24,19)(18,20,23,21)(33,35,40,38)(34,37,39,36) in cube;
(1,38,25)(2,36,26)(3,33,27)(4,39,28)(5,34,29)(6,40,30)(7,37,31)(8,35,32)(9,48,19)(10,47,21)(11,46,24)(12,45,18)(13,44,23)(14,43,17)(15,42,20)(16,41,22)in cube;
(1,30)(2,28)(3,25)(4,31)(5,26)(6,32)(7,29)(8,27)(9,43)(10,45)(11,48)(12,42)(13,47)(14,41)(15,44)(16,46)(17,38)(18,36)(19,33)(20,39)(21,34)(22,40)(23,37)(24,35) in cube;
(1,22,32)(2,20,31)(3,17,30)(4,23,29)(5,18,28)(6,24,27)(7,21,26)(8,19,25)(9,41,38)(10,42,36)(11,43,33)(12,44,39)(13,45,34)(14,46,40)(15,47,37)(16,58,35) in cube;

(1,9,35)(2,10,37)(3,11,40)(4,12,34)(5,13,39)(6,14,33)(7,15,36)(8,16,38)(17,46,27)(18,44,29)(19,41,32)(20,47,26)(21,42,31)(22,48,25)(23,45,28)(24,43,30) in cube;
(1,33)(2,34)(3,35)(4,36)(5,37)(6,38)(7,39)(8,40)(9,27)(10,29)(11,32)(12,26)(13,31)(14,25)(15,28)(16,30)(17,48)(18,47)(19,46)(20,45)(21,44)(22,43)(23,42)(24,41) in cube;
(1,25,38)(2,26,36)(3,27,33)(4,28,39)(5,29,34)(6,30,40)(7,31,37)(8,32,35)(9,19,48)(10,21,47)(11,24,46)(12,18,45)(13,23,44)(14,17,43)(15,20,42)(16,22,41) in cube;
(1,17,41,40)(2,18,42,39)(3,19,43,38)(4,20,44,37)(5,21,45,36)(6,22,46,35)(7,23,47,34)(8,24,48,33)(9,11,16,14)(10,13,15,12)(25,30,32,27)(26,28,31,29) in cube;

(1,41)(17,40)(2,42)(18,39)(3,43)(19,38)(4,44)(20,37)(5,45)(21,36)(6,46)(22,35)(7,47)(23,34)(8,48)(24,33)(9,16)(11,14)(10,15)(13,12)(25,32)(30,27)(26,31)(28,29) in cube;
(1,46)(2,44)(3,41)(4,47)(5,42)(6,48)(7,45)(8,43)(9,40)(10,39)(11,38)(12,37)(13,36)(14,35)(15,34)(16,33)(17,32)(18,31)(19,30)(20,29)(21,28)(22,27)(23,26)(24,25) in cube;
(1,48)(2,47)(3,46)(4,45)(5,44)(6,43)(7,42)(8,41)(9,32)(10,31)(11,30)(12,29)(13,28)(14,27)(15,26)(16,25)(17,24)(18,23)(19,22)(20,21)(33,40)(34,39)(35,38)(36,37) in cube;
(1,43)(2,45)(3,48)(4,42)(5,47)(6,41)(7,44)(8,46)(9,24)(10,23)(11,22)(12,21)(13,20)(14,19)(15,18)(16,17)(25,40)(26,39)(27,38)(28,37)(29,36)(30,35)(31,34)(32,33) in cube;

15:10
